9.253839338659450853e-01 -8.555104616530394279e-02 2.106552041365703995e-02 4.775365763466195290e-02 1.158063499984367598e-02 3.056127846558881131e-02 4.991279998235005622e-02 5.533314626955478793e-02 -2.936948945698646812e-02 -2.099684831185924805e-01 6.496193358519934680e-02 1.289353229910780441e-01 2.061620202270023419e-02 3.726165132631317767e-02 1.017791625747836715e-01 1.122233423837770867e-02 -4.721161545881971677e-02 -5.242361157253441761e-02 1.913642140375837811e-02 1.342375543702741848e-02 7.716444936187884240e-02 3.117463411938966797e-02 -3.208655425245515724e-02 -3.311734381342408377e-03 -2.830553395422447799e-02 4.668674853557036597e-02 5.755862261041220368e-02 3.524610084692642725e-02 2.636878681632894711e-02 1.955165379764436939e-02 -7.435732678222214953e-02 1.602112265531660251e-01 -1.595061549561027636e-02 2.169883250159891364e-01 4.784652868565066053e-02 -4.722350666515591211e-01 2.146026447790600269e-02 2.901943140700908308e-01 5.712382835956085828e-03 -3.756462474330131185e-32 9.716861341043771597e-03 2.222580035550501473e-02 5.608576217305379086e-02 -8.358139335731190611e-02 1.397896953513673608e-02 -4.837589717005835038e-02 1.553472157797226513e-02 -1.877402950608485915e-02 5.607951935781355091e-04 -6.233215880154976962e-02 1.550886857036002514e-03 3.407121313939811408e-02 9.980403193451066468e-02 2.192706330855563601e-01 1.180115656701130437e-02 -5.120604587031231392e-02 -3.569489395580014435e-01 7.598587598344413996e-02 9.743886399604564930e-03 -7.870889302357936268e-03 -3.831645819161533240e-02 2.752741862794764842e-04 -1.920988733070636695e-02 2.579904342401680498e-02 -6.601018296655259548e-03 1.976273536636020262e-02 2.429429589371289236e-02 -9.708775645442703842e-03 1.604878594019819651e-02 5.591937176681799349e-03 -8.256389620791178274e-04 -4.813540766229416554e-03 -2.367046513959187096e-03 -6.707578190774174734e-03 -8.005585185835044360e-03 -8.392701104091404253e-33 -9.814806571303140784e-03 -6.588327567850649907e-03 9.710093970227540066e-34 -1.191166706787272732e-02 1.102006499977453181e-02 4.023726659241657426e-32 1.866514541069484029e-03 1.028409459021411773e-02 -1.751831383983668694e-02 4.584381448342796095e-02 1.195638147801091197e-03 9.913302911499994111e-03 -7.510902967846319438e-03 -4.139988883605021097e-02 -1.262623743318526046e-02 1.495492492207244756e-02 -1.154684970388373047e-02 -2.062303395944456788e-02 1.213331552379464696e-02 2.237408323521324072e-02 2.615238045360055927e-02 1.341944819576184342e-03 -1.630363367766349963e-02 -2.022718424922343924e-02 -2.807669363930501844e-02 2.114599696678468727e-02 8.411468858925932185e-03 2.174301540359824259e-02 1.012764693900574377e-31 -4.435343019300264089e-03
-8.555104616530394279e-02 1.043282260171681353e+00 1.436321726311228474e-02 -2.072264096023560941e-03 2.852052195042194087e-03 -4.528285397392181610e-02 2.592913219714303164e-02 -6.732643179535764688e-03 2.260734123229525896e-03 4.392535180923437532e-02 -2.624534062209703950e-02 -3.907923669396341781e-02 -3.194717294179626188e-02 -1.096359656890202525e-02 -4.801983387259822419e-03 -3.189730751804274213e-03 2.667224351800981039e-02 1.146311020773433699e-02 1.498034314546895125e-02 6.767077998399424754e-02 1.359528207256022192e-02 -3.095659351382558204e-03 3.114130114318480400e-02 -2.521270078596977646e-02 -2.512751620098324298e-02 2.258938739458156431e-02 2.759266779273299337e-03 4.644350687318015217e-03 4.611421133642451368e-03 -1.354296854338386119e-02 -2.328159784907926633e-02 -3.199639724288545588e-03 -1.285663356708706580e-02 -1.871954855051651684e-02 -5.678341728113225689e-04 1.447562860757807893e-02 4.094451646962743441e-02 -1.785285124138948770e-02 -1.747162736480723649e-02 -3.660686498717360626e-32 4.363035207071354338e-03 -2.175754185383797779e-02 -3.958657586180754084e-02 3.958820951115728931e-02 2.813490660867040694e-02 -1.210726101804694352e-02 4.669140315055368522e-03 -1.475298272207737141e-02 7.333306569422184257e-03 1.559431715637133592e-02 2.886094639935925590e-02 8.468055713955733449e-03 -4.655020428526029062e-03 -2.639962628716937057e-02 1.925919024712889616e-02 2.982203810661953128e-02 -2.423459711109596237e-02 1.899106589844033743e-02 1.093032143381774193e-02 -6.227258050390568206e-02 -3.872651937321905380e-02 1.234795910378537753e-01 6.507729813878853492e-03 -6.860195379554795414e-02 2.010741453991815586e-02 -5.265515968611005765e-04 -1.973685267946422364e-02 6.736467169491007490e-02 3.416144795214536012e-02 -7.206597553637633484e-03 -4.160435218135373134e-03 -8.009697077501664458e-03 -3.191904167729617270e-03 -1.993160959985446068e-03 4.358198909652284680e-03 -6.181903880460651147e-33 6.213262806859670695e-02 1.128438695910790462e-02 1.099246992828390491e-33 7.300762905370515241e-03 1.533125556392659142e-02 1.368120062705743434e-32 -1.387736005001983727e-02 -7.215878825847805295e-03 -1.257556277508612179e-03 -1.014747959719733417e-02 -2.650955990663401117e-03 1.639719549074358448e-04 -2.730391481824021201e-03 1.470763930533272590e-01 7.714869283574826708e-02 3.800979619055525754e-02 2.985551184252143928e-02 -3.988089283840938817e-03 1.185404456736620371e-02 -2.395698997711243061e-02 -2.688084631637649175e-03 -2.184192281093238694e-03 -5.460428861443438094e-03 -8.033962020014148719e-03 1.362030822947163031e-02 2.727607920255780208e-02 -9.497537790890311915e-02 -1.591635786626862878e-02 6.917069669551562371e-32 2.420388874714192885e-03
2.106552041365703995e-02 1.436321726311228474e-02 9.492200725879175183e-01 1.404659885211352512e-03 -1.200553218878572422e-03 1.822136487819321915e-01 -2.874690405759230266e-02 -2.423836412832963347e-02 1.699263021518859773e-02 -1.975466597517985985e-03 2.449293875238922613e-02 8.944231238437286291e-02 -1.850095018872073560e-02 -8.015366770916789937e-03 -5.741598772379743337e-02 1.321246947434476411e-02 1.534546878840247972e-02 3.147324154908086313e-02 1.913403245496706623e-02 3.467662544803631897e-02 3.597392759341812296e-02 3.580277570461506964e-02 -9.799305232584444234e-03 -3.556201678693200058e-02 -2.866617158865042425e-02 -1.137725396811981558e-02 3.140128608337638960e-02 -1.152811196059097196e-02 1.180528339263382277e-02 1.183163275053134705e-02 -3.924407438745822901e-02 -2.160640543923231238e-01 7.474938550798129744e-03 3.583479690739899137e-01 -5.799351316696797071e-02 -1.019144536240874088e-01 -9.364681926874225681e-02 -1.957276066349087906e-01 -2.789532400238256549e-01 -1.123811827047808031e-30 2.347529077775601936e-01 -2.323995945236108709e-02 1.219166529879547600e-01 1.222965701306154424e-01 5.356998077943150166e-02 -1.154423425831552774e-01 -4.080300196211404662e-02 -7.025201984634671382e-02 7.496617001627300936e-02 2.896725734083498149e-04 -3.059630533528417962e-02 1.356612144660196417e-01 -5.627567662278271099e-02 5.059513973744292903e-01 -1.433321147641717919e-01 -2.230150255853809854e-02 -5.321575201920095144e-02 -3.007660216354414162e-01 -3.295468752220455655e-01 -6.655120245471121340e-03 -1.372760861339106242e-02 -8.607121518591454024e-02 5.955318292486206505e-03 7.907372146146482428e-02 1.445286320887181203e-02 -3.628059965477119231e-02 1.873178747719388137e-02 -1.594661184183944133e-02 -1.851377539391603488e-02 -1.086677607164076263e-02 3.250188919726119952e-02 2.420878853471326170e-04 -2.333510856042190010e-02 1.609553953532701087e-02 -4.119392749045701699e-03 -3.338228095448751401e-31 2.656030914683825406e-02 1.241792997735355862e-02 4.601884203726257672e-32 -2.023005729659055341e-02 -2.888855989391840573e-02 9.538681473162468818e-31 3.186884628454850210e-02 -8.822701974507563688e-03 1.767298210347680726e-02 1.705350203738693025e-03 -3.570742306287116776e-03 -1.460727303944991343e-03 -2.652431034902135928e-02 5.780797074727762191e-02 -1.249825059187488485e-02 -3.773041064153173640e-02 -2.333344126246955294e-02 -2.835441317877311629e-02 2.461258077030917604e-02 -8.979048923048455269e-03 -1.437350126519172482e-02 1.172734981239429743e-02 -1.187322509375263527e-02 -3.644527156202995860e-02 -1.236909538725318447e-02 -3.045028013507582176e-02 -1.062265348868088495e-02 2.503131831305539790e-02 1.410579483356843975e-30 1.936723132811185577e-02
4.775365763466195290e-02 -2.072264096023560941e-03 1.404659885211352512e-03 8.654809763396710265e-01 -5.611672354192556722e-02 2.507397023506536052e-02 -1.845303590711440400e-02 -2.086144036192075571e-02 -3.899145690497930663e-04 -3.882094657538601168e-02 5.615519151584983520e-02 5.635878830575637155e-02 -6.890765109839255831e-03 -5.381938511330229633e-04 8.617070295626895471e-03 1.926774483738394328e-02 -5.456556005165751934e-03 4.310601298650857359e-03 1.838486012214384305e-03 -4.511204463020865134e-03 -2.599391173085343308e-03 -6.664386688864631578e-03 -1.596992030218372799e-02 -1.305362523041761827e-02 -1.805188527580985081e-02 2.005577879700947645e-03 -1.777858897330563542e-02 1.444119759715994933e-02 -2.708851971859433066e-04 2.266050127941690306e-01 -3.251169733080663815e-02 -1.260531771381851428e-02 9.868425752037741059e-05 5.405712874835081998e-03 -4.329271275881337727e-03 -1.899923082774737345e-03 -3.092034738748031079e-03 2.041081750702400735e-02 -2.196088358085659768e-03 1.229701064275184256e-30 5.463347767335154960e-04 -2.411536826319226473e-02 -8.625559488498624888e-03 -3.918200764426068607e-03 -1.382242914511911530e-02 -7.623278752347235551e-03 2.089894852979845737e-03 7.134182165989234881e-02 -1.603337271066180778e-02 -6.465804637798732574e-03 -1.603390590318286985e-02 -1.144548932690750073e-02 8.578691198876012280e-03 8.561241860455925945e-03 -6.145822825980132818e-03 -5.230399398567307789e-03 -5.640628451337842929e-03 8.681881386345069451e-03 -5.754051259364643955e-03 -4.093594390106642181e-03 1.304244041038930130e-02 -1.430888501088906951e-02 1.252354028884807534e-03 6.350195679151578176e-03 -6.459275679211237166e-03 -7.767424847202366624e-03 -3.970802566865751226e-03 2.354488506518126554e-03 -1.175636664762869446e-02 -7.296524576537661341e-04 7.508331404487292651e-04 -3.145666725225934948e-03 -4.944050983456092785e-04 -1.089027758123629203e-02 -7.157209902966044264e-03 2.918564648156549058e-31 2.255073419004496264e-03 -2.849430461496567000e-04 -4.125547783512793287e-32 -2.757394707853315060e-04 -6.465544395552165827e-03 -8.583718337666538839e-31 7.128568124275400097e-02 1.337527322626900529e-02 4.293642642255604894e-03 -1.335275805714104293e-02 -2.397584050921929076e-04 -3.694433070059408800e-03 -7.714088480037365782e-04 -1.675158217814150339e-03 -5.764883232971538922e-03 -5.142725653358967740e-04 -2.762130942567798779e-03 1.925812430250171481e-04 -1.099985809557157621e-02 -6.029005356238067732e-04 -1.503729137111947970e-03 -2.690969255665193421e-04 -3.453100484477182618e-04 -1.287609771334669723e-02 -6.240380999623798899e-03 -6.815072775980959320e-03 4.402608795017227093e-03 -9.314434626722831959e-04 -1.992971234510333168e-30 -5.614435161057203250e-03
1.158063499984367598e-02 2.852052195042194087e-03 -1.200553218878572422e-03 -5.611672354192556722e-02 9.518255675328877174e-01 1.317092186710902384e-02 2.038551512270001670e-02 1.969278900088000314e-02 -2.530535982989139294e-03 -1.880741883031121151e-02 1.581889815739724245e-02 1.078127066203965131e-02 -4.928464780954635617e-03 -3.492864884311627002e-03 -1.860564434180411383e-02 1.264156579294205794e-02 1.234982625953892632e-02 -2.059625061936192630e-02 1.826837880784450488e-02 -1.580096233133530120e-02 1.656725225248546068e-02 -1.305206155123532670e-03 -1.927339216951469078e-02 -1.937736902890406510e-02 8.764444021866608925e-03 9.895296098535934226e-02 -2.426686223877519422e-02 6.381889957428075154e-03 -1.758038281074328921e-03 -1.884189514309264277e-02 4.235249057311796760e-03 8.906584055927932800e-03 -1.080812629392843317e-02 -2.235899560735316732e-02 9.994954599069722986e-03 1.071399459061482540e-02 1.355833871067699606e-02 -8.018923462292629374e-04 -1.198960207142135692e-02 1.451660941354859003e-30 -5.582367911707684580e-03 4.088629956285295963e-02 3.672764845100043307e-02 -8.091643013484701996e-03 2.390771311540358917e-03 -2.096677023300480211e-02 -3.609416468259649211e-03 -3.097964986524063755e-03 1.942160627867479256e-02 -2.167667276974447575e-03 3.683922701757606083e-03 -1.776380678905729177e-02 -1.873002264001818670e-02 -2.497547415505734295e-02 2.941242582171031683e-02 -3.540523588793360703e-03 1.415901282829217650e-02 -1.649206399204861812e-02 -3.280110779238830723e-04 -1.268860917940652262e-02 1.875548197653703966e-02 -2.063577614930731108e-02 5.158006412832490117e-04 1.139877723059429769e-02 -7.724145285115557001e-03 9.087611033776647057e-03 2.873791343785915206e-02 -6.949071966139637284e-03 -1.461493613458078947e-02 -4.735426541431252308e-03 -1.564061989021546875e-02 -5.862076752229297000e-03 1.906916420335599827e-02 -1.196358514658808596e-02 -8.558750527478417233e-03 2.890475409459048681e-31 -8.537256119483142142e-03 -1.849273375809888870e-03 -4.141388202404282739e-32 -1.789542397589866281e-03 5.188788760398123368e-02 -1.053690941819533325e-30 4.005363903108240253e-02 -5.322815218604452954e-03 -2.631853725599128061e-03 -1.596752458209838715e-02 -1.556026164368293999e-03 -5.099026070414251245e-03 -5.006424489926203543e-03 -5.061119421303247705e-03 -1.155834340722139593e-02 -3.337616326616889197e-03 3.870516171968769320e-02 4.985986461835894591e-03 -1.315387456201970798e-02 -3.912809678482208516e-03 -1.490077107352727123e-02 -1.746432442155844509e-03 2.546506456505158097e-02 -1.620765223699609930e-02 -7.462386166718786018e-03 5.177494025251857396e-02 -1.263087529712479500e-02 2.396643049057816527e-02 -2.829532739759357694e-30 7.051009227940070907e-03
3.056127846558881131e-02 -4.528285397392181610e-02 1.822136487819321915e-01 2.507397023506536052e-02 1.317092186710902384e-02 9.457211724794389873e-01 -7.276418848973075643e-03 1.724622807935573959e-02 1.842498990442517854e-03 1.173647950792373711e-02 8.576471530484773564e-02 6.943887379124270842e-02 -1.821248414575368790e-02 -3.434722599230252086e-03 -1.686767544807072639e-01 -7.222900106007063351e-03 -8.123717620234052750e-02 -1.307749522438643106e-02 -4.819224600062755118e-03 -5.845682920719240047e-03 3.395432506562245933e-02 3.234274421205265634e-03 -7.121479239387342418e-03 6.038762431248361276e-03 3.685058510206813687e-02 5.816459353630278051e-02 2.338240979008409520e-02 1.511089598873102853e-02 -4.737586503452101416e-03 3.894994700355819406e-02 -6.079200092879918915e-02 4.999022368293246088e-02 3.011625376949816826e-03 1.218281118168046406e-01 1.871018690102008424e-03 -1.367936362625780944e-01 1.593518350894179703e-02 -9.551314800661761528e-02 -8.918016771327873238e-02 -7.866879641142240999e-32 5.700325787680468603e-02 8.911128663617608192e-02 9.698297537046204897e-02 -4.232161998173381706e-02 5.093385429652738661e-02 -1.064417961161842618e-01 -2.666852256979895634e-03 3.537205826756890936e-02 3.541965995745098572e-02 -1.334973154757796397e-02 -1.107999035637477481e-02 9.573807516350713032e-02 -1.682813042782417834e-01 1.671050950885074327e-01 4.669983710506285524e-02 -1.595830432913230429e-02 -2.186408369589295797e-01 1.727809001419659601e-03 -9.854970372451177241e-02 2.005629173888723304e-02 -1.797914011905144341e-02 -2.620455544174407625e-02 2.104324887360559462e-02 1.979575040994532506e-02 -4.416207158761433806e-03 -7.649804512560262094e-03 1.019592680520566702e-02 5.059662525328737469e-03 -9.320468438505169831e-04 1.425388562372234026e-02 1.980557934384760688e-02 -1.939440862518689718e-02 4.315097224264283909e-02 6.703190192719003793e-02 5.432869060403385311e-03 -4.094896158906482642e-32 6.216029286695717165e-03 -1.818490341432400445e-03 3.719600080554267268e-33 -2.319886782917713816e-02 1.799366754387682257e-03 1.485549737152705917e-31 5.944370124869113869e-02 -1.017888274553290645e-02 2.263610847904411888e-02 -2.732404604735255010e-02 1.132952329555215370e-03 -1.897867098464767199e-02 9.357406334252164545e-03 2.567319829921512614e-02 -1.091934242398820767e-02 2.430139209090715659e-03 -2.586727453249882541e-03 -2.137367892143382173e-02 7.174152121588889611e-03 5.527588287452241643e-03 7.049344884955172433e-03 1.271588324836797580e-03 -8.596206273066018047e-03 -5.556673298879584444e-02 -9.268479264193371647e-03 -3.375694767802414793e-03 -2.473421528408364239e-02 -7.422398478874625907e-03 3.940821763355503774e-32 1.445128288797529331e-02
4.991279998235005622e-02 2.592913219714303164e-02 -2.874690405759230266e-02 -1.845303590711440400e-02 2.038551512270001670e-02 -7.276418848973075643e-03 1.070929929113347834e+00 -5.879675994282889534e-02 -3.154436123678750880e-03 -2.716894494324507692e-01 -4.262497670785451304e-02 -5.688115328977497859e-02 -3.795711266736916806e-02 -4.354025882369585466e-03 -4.430906180256512922e-02 -2.719028032527245897e-02 -2.011360031727894501e-02 -2.192087756387685327e-02 -1.208880367426294275e-02 -1.714203671102049187e-02 -8.100700070629445609e-03 3.920864396388460717e-03 1.388625766692078156e-02 -2.670232838751539217e-02 -1.466558575960929395e-02 1.102443832600733496e-02 -5.238426861552725015e-03 2.205769957715693341e-02 -2.191480183609531649e-03 3.222198734250394762e-03 4.404047730815247030e-02 1.235516571511342462e-02 -7.186705952842223355e-03 -1.023687312481084098e-02 7.841891949062901324e-04 1.120128706761556146e-03 -8.719935933936332623e-03 1.134954438315040684e-02 1.449021298572662764e-01 6.264203078477315863e-31 -3.605849202279185622e-02 2.401624521876092114e-02 -2.465473466786048673e-02 -1.242003172475775533e-02 -3.160308521940138199e-02 -3.292819832137942881e-02 -4.499313097864502536e-03 2.958553303988631627e-03 -2.231510296910437993e-03 -6.971923433825050198e-02 1.033423767885316147e-01 -1.594835027550322790e-02 -4.442877454753542399e-02 -2.210303707276671959e-03 1.427955050983480481e-02 -1.425841288517820660e-02 -2.582451854354344059e-02 3.184903575115467095e-02 -1.456406384916222874e-02 4.603420177434029703e-03 -3.865298883455060147e-02 8.244057308251960536e-02 4.760239943959369315e-03 -5.240411572454953953e-02 -6.015784537661664905e-03 -1.241613037423647432e-02 -6.673673147853048139e-03 -8.662356031840519333e-03 -1.170155699814213329e-02 -5.902939394552405780e-03 -1.664653047648554512e-02 -5.769862916934411813e-03 2.743515308875878883e-02 -8.710241962856345513e-03 -6.665798892225150221e-03 1.345841737943642687e-31 -1.064210478785027406e-02 -2.305209164550911863e-03 -1.691151039741602688e-32 -2.230751596404726821e-03 -7.633506689264938500e-03 -4.993713941109650118e-31 -1.815635670905786647e-02 -4.145560227953979868e-03 -3.280733615359055898e-03 -1.243596332539521031e-02 -1.939662259406098365e-03 -4.361810518653869671e-03 -6.240751511794629357e-03 -2.357964741972351508e-02 4.583032307195679389e-02 -4.160501007863623424e-03 -6.165623368375785021e-03 -1.395210678846009814e-02 -1.024461248198250962e-02 -4.877507483733185996e-03 1.031179660470961934e-01 -2.177012941184897684e-03 -2.793582433575653862e-03 -1.308748252387411867e-02 -5.811919074374982327e-03 -8.046175301041956149e-03 2.509970413845682632e-02 -7.535442732950904665e-03 -1.599587503530536027e-30 -2.470074729566754460e-02
5.533314626955478793e-02 -6.732643179535764688e-03 -2.423836412832963347e-02 -2.086144036192075571e-02 1.969278900088000314e-02 1.724622807935573959e-02 -5.879675994282889534e-02 1.116834023131901388e+00 -5.812593983530658405e-03 -4.347348993102915227e-01 -5.798757535779403005e-02 -8.671254475520678850e-02 -5.956974424330009621e-02 -8.023045531980436615e-03 -7.539938563812398353e-02 -1.756897673871138030e-02 -3.387663406606678668e-02 -1.577507613413138207e-02 -2.227571101460552525e-02 -1.729915405952906285e-02 6.567631949763478791e-03 -3.852964230442355691e-03 2.028222619188142437e-02 5.344668503020552630e-03 3.103869959436543480e-02 1.996717289470036766e-02 -4.616873113389227679e-02 9.246973787211748563e-02 -4.038181161652447566e-03 4.827349368249954711e-05 -8.538018189683022410e-03 8.108248564878054246e-03 -8.444538327056860458e-03 2.263955814034955549e-02 6.204348383394612219e-03 -3.739414555765568915e-02 -8.775029012292337449e-03 2.643302013023087968e-02 1.526335971564733024e-02 4.664630717393517694e-32 -5.710560882189362475e-02 -2.510625178399309917e-02 -2.046638657921056974e-03 -4.799315390675195497e-02 -6.417933726335317557e-02 5.252968275222236715e-04 -8.290762347777940258e-03 1.714222043189070899e-01 2.871613067978580625e-01 -1.002971015450355996e-01 -3.923405026279755403e-02 3.230654424936606206e-02 -7.563043051843122699e-02 4.931645018927658178e-03 -6.193239174858710533e-03 -2.927437498717272782e-02 -4.614634638526244476e-02 4.189346897742675380e-02 4.325201207408384957e-02 1.140479090427325148e-03 -2.904439486388331673e-02 3.543541521008889555e-02 1.613119937008183208e-02 -1.979593340638893459e-02 -8.327524490654972592e-03 -1.854554942552992872e-02 -9.652682671709772108e-03 -1.596188877495953104e-02 -1.658797448751291731e-02 1.643590931514337522e-02 1.279911187959687641e-02 1.281854016012788991e-02 -1.272726817666078314e-02 3.362201766653703794e-02 -9.227325742348021359e-03 -5.483079963539012608e-32 -1.960991817130810014e-02 -4.247746473629949657e-03 1.043409220484976675e-33 -4.110545530049349201e-03 -1.140190794787746681e-02 -2.176348157303631158e-32 -2.513346417398646532e-02 -5.738612164322766905e-03 -6.045318949735115251e-03 9.837432042262377746e-03 -3.574163095100389795e-03 2.238150462538236393e-02 -1.149966373320361959e-02 -6.699939738612376364e-03 2.014681622824454274e-02 -7.666442488801022102e-03 -9.209380819218751513e-03 -5.278700950783922832e-03 -1.418140241008952751e-02 2.486493177207788757e-02 1.403478406142182403e-02 -4.011522765990208766e-03 -5.147658665207351276e-03 1.568453601645353537e-02 -8.045317801288021792e-03 -1.201829694391649481e-02 2.781118150904530323e-02 -1.388535616999900767e-02 8.028222411127072652e-31 -2.843137809257064580e-02
-2.936948945698646812e-02 2.260734123229525896e-03 1.699263021518859773e-02 -3.899145690497930663e-04 -2.530535982989139294e-03 1.842498990442517854e-03 -3.154436123678750880e-03 -5.812593983530658405e-03 1.499768705780459843e+00 -3.289817470501302243e-02 -2.250950211663576249e-03 -5.661619477517925922e-03 -4.263974477806046701e-03 -8.280442534269288586e-04 -6.647001611026984690e-03 1.246495860486271784e-01 -5.358607602659736825e-03 -3.352821494111869229e-03 -2.299036497190554747e-03 -2.704616826464511375e-03 -3.905409542606633113e-03 -4.102214094975807461e-03 -3.808100653482413174e-03 -4.781683325156085330e-03 -7.134182089943553670e-03 -8.613830856562328282e-04 -1.657209679119073589e-02 -2.497665177899264372e-03 -4.167734922947351987e-04 -7.287681560260158642e-04 -1.208853413225589001e-02 -9.219913001793207663e-03 1.538581424835132823e-31 -1.505594746682872159e-02 -2.590293931275973894e-03 2.688792889226940958e-02 -4.877983873938031116e-03 -4.847144889465575257e-03 -8.936281546986358029e-03 -3.970528519248599464e-31 -8.249080380104894389e-03 -4.989686445020092946e-03 -5.390114520205672478e-03 -5.237970951465724563e-03 -7.089487459580563929e-03 -8.838062920437757958e-03 -8.556748296194371202e-04 -5.528101747874466024e-03 -2.811485172745246779e-03 -7.491554986218782082e-03 -3.240869299230895225e-03 -5.248637928201353893e-03 8.552912133311561804e-02 -1.359276241815681428e-02 -1.438601470247223742e-02 -4.170686599863411385e-03 4.783266448121034631e-02 -9.662366778276273646e-03 -3.180640983430379435e-03 -2.285935286225554332e-03 -3.560032886577680061e-03 -8.335813513758111651e-03 -2.079754455777312223e-03 9.898178805821901058e-03 -3.585793871058427524e-04 -1.126950330747371158e-03 -5.158509494551009010e-04 -1.647398138432943715e-03 -8.085086681586153411e-04 -1.122615063860515601e-03 -2.546104507965564132e-03 -7.630169442798504257e-04 -8.427006425558127489e-04 -3.078343129582803784e-04 -3.973244165214038538e-04 -6.240934283908127455e-32 -2.023904761253045824e-03 -4.384023552507558498e-04 1.651116393948013051e-32 -4.242420899943427832e-04 -6.928553928589493982e-04 6.056137653220399135e-31 -1.082235445776050372e-03 -2.471020091301151956e-04 -6.239266119713554430e-04 -7.412632682194055965e-04 -3.688830133035580420e-04 -3.958998221260607089e-04 -1.186859831801313119e-03 -4.348278613037827658e-03 -1.626713176217881333e-03 -7.912398878675169257e-04 -5.596229328158644446e-04 -1.440083519253158037e-03 -6.106446868115215313e-04 -9.275994567018387617e-04 -2.381767788590821895e-03 -4.140221267134687661e-04 -5.312806912709058284e-04 -9.417427918425476645e-04 -3.464276964294645618e-04 -7.303112679596361232e-04 7.468372220636082352e-03 -1.433082903184863290e-03 1.310245646063722371e-30 -2.549517405009456804e-03
-2.099684831185924805e-01 4.392535180923437532e-02 -1.975466597517985985e-03 -3.882094657538601168e-02 -1.880741883031121151e-02 1.173647950792373711e-02 -2.716894494324507692e-01 -4.347348993102915227e-01 -3.289817470501302243e-02 1.010885442999115202e+00 -2.499190118005264749e-01 -4.218475472985314112e-01 -2.976531945897479270e-01 -4.540890940004650711e-02 -4.029544774711779631e-01 1.167822666767833265e-02 1.357927656743128202e-02 3.575041746690269667e-02 4.307499808781000555e-02 2.347552168329540556e-02 -3.415617265559142690e-02 6.980344335239517875e-03 -1.748534397824448583e-02 1.506638496654080263e-02 3.918058404985352849e-03 -5.424504620826923335e-02 4.681481967792753413e-02 -6.874880392635397686e-02 9.512271836840727884e-03 -6.068206579693051494e-02 -1.070023113246453862e-02 -4.839148929783309086e-03 -5.294817834725973511e-03 -6.200318039129091435e-02 -1.909051658208931607e-02 9.942035167321770783e-02 -4.479209237900258142e-03 -6.408312066133919904e-02 2.458524063895099407e-02 5.387379700159927509e-31 8.069938941633902907e-02 -9.324223284042365556e-04 -1.223731712443478920e-01 1.107664992026471257e-01 1.451703959705850921e-01 1.009068726145559841e-01 1.952958077651864577e-02 -9.036482573787109340e-02 -1.284331737595114376e-01 9.488636635576068457e-02 1.456092763500383379e-02 3.491373395708197158e-02 -4.043019548104188066e-01 -4.646880666915440689e-02 1.623048569429096522e-03 5.645117415061601251e-02 6.464521337389983469e-02 -6.081489627177133830e-03 -4.322162273232361962e-02 -1.077203706169435615e-02 2.240656779383075684e-02 -2.856274943860216686e-02 7.549730536479053178e-03 1.388371395031509810e-02 1.906512519692912105e-02 -9.411473900558554873e-04 -1.785299256155883571e-02 3.759955756782171199e-02 4.059561022825121726e-04 -3.439522434597488184e-03 2.275442360305206940e-02 1.019398988965809771e-02 -9.805539574376128525e-03 1.801149262133147806e-03 2.112513997504576746e-02 3.577403041662778031e-32 3.047467486775641901e-02 1.000592037198835479e-02 -1.345501032892055653e-32 -2.326490468173659718e-02 -5.786227013588780832e-04 -2.955729890867156787e-31 9.512857399248205240e-03 -2.524300328620820988e-02 1.424025195708543585e-02 -1.815639587929363669e-02 8.419238659389418830e-03 -3.306268911354801748e-04 2.708841507688431599e-02 6.735859482553684108e-02 -3.886838524998968009e-02 -1.266583036021307583e-02 2.126345887765870857e-02 2.386597486921449712e-02 1.665902363123875768e-02 -1.484861612888919470e-02 -3.506384390482562841e-02 9.449475766996765294e-03 -1.538126549735232065e-02 -6.678016126445146528e-02 1.841903813105120330e-02 -6.099031385993561316e-04 -4.122424750775106894e-02 3.270811218047104535e-02 -1.035122516508045635e-30 6.713482716081623468e-03
6.496193358519934680e-02 -2.624534062209703950e-02 2.449293875238922613e-02 5.615519151584983520e-02 1.581889815739724245e-02 8.576471530484773564e-02 -4.262497670785451304e-02 -5.798757535779403005e-02 -2.250950211663576249e-03 -2.499190118005264749e-01 9.147500523827425400e-01 -5.598367877043232410e-02 -3.590733272666700449e-02 -3.106956393233265088e-03 -3.693169828472987054e-02 8.856246782321122724e-03 -4.360822316725133409e-03 1.105388136816528102e-02 -8.626357967777328190e-03 2.633159396472958130e-03 2.078941181074625555e-02 2.025610988867285536e-02 -1.749651701957493158e-02 -1.810748094740796676e-02 -1.671009882689257833e-02 -1.653397753307009332e-02 4.349927777311616943e-03 -1.245844115932772875e-02 -1.563801766700418294e-03 5.590310141412973416e-02 3.406647037252797695e-03 2.639560626502967036e-02 -9.209063730453753011e-03 1.811744010768263566e-02 -1.196816500483728445e-02 -4.933737984120965814e-02 5.505068081496270783e-03 3.326077023690370699e-02 -2.469952873732422782e-02 1.296727211951544261e-30 2.049506530628814743e-03 8.421145187067380355e-02 -9.549743686848228760e-03 -2.342501787137655708e-02 -2.476512168403312633e-02 -2.790551756339339912e-02 -3.210630798308135216e-03 -1.123708687229491715e-02 -2.768925581128986457e-02 9.222745613508478990e-02 -3.682505911844574653e-02 -2.960173668821166823e-02 -3.700823280260684411e-02 1.889947466722939964e-02 -8.376932719953999323e-03 -9.606362114644960426e-03 -1.620228867560483121e-02 4.756589710424497311e-03 2.160922897788262152e-03 -1.117258962652199587e-02 9.432404815263644923e-03 -2.665840427910770236e-02 -1.338482445239604426e-02 2.419790547554530671e-02 -6.638026311247219834e-03 -1.254530988971667808e-02 2.660537364953893119e-02 -6.181305114094284153e-03 1.903279093298375357e-02 -4.212233869586156677e-03 -1.372896642906788409e-02 -5.115366636143249719e-03 -8.137203859507780024e-03 -1.024222137790711980e-02 -7.355274803321132024e-03 3.165187785359433713e-31 -7.594019053022326576e-03 -1.644956769903916163e-03 -4.812340553300268433e-32 8.134889813197741792e-02 -7.712926980919710199e-03 -9.135210979849857444e-31 1.019144146503366509e-02 4.373489950250090963e-02 -2.341073883370535080e-03 -1.372227533131737363e-02 -1.384108919052683779e-03 -4.407191531290882355e-03 -4.453290662939360031e-03 -1.723230322574944434e-02 -1.010536575418060148e-02 -2.968860441959273681e-03 -6.229771554272438110e-03 -1.357858777409727373e-02 -1.130426244128115293e-02 -3.480503669256872819e-03 -1.307260711494627817e-02 -1.553478196616611944e-03 -1.993451356632290356e-03 7.809834677808283332e-02 -6.413074054267321918e-03 -8.129889066565551201e-03 -2.696162912876206436e-02 -5.377159577710890689e-03 -2.140081997368043716e-30 7.820443354653071333e-02
1.289353229910780441e-01 -3.907923669396341781e-02 8.944231238437286291e-02 5.635878830575637155e-02 1.078127066203965131e-02 6.943887379124270842e-02 -5.688115328977497859e-02 -8.671254475520678850e-02 -5.661619477517925922e-03 -4.218475472985314112e-01 -5.598367877043232410e-02 9.788263382384795319e-01 -5.777133394520300724e-02 -7.814657445810698280e-03 -7.328970472365213540e-02 -1.218777206685211709e-02 -4.168713956969852426e-03 -1.672437292350777149e-02 -2.169712863365019090e-02 -6.405365682026259791e-03 1.987763885297201549e-02 1.208529562183549913e-02 8.559028145316864220e-03 2.325790849300753138e-02 -1.046013242198116575e-02 -5.268606695116933095e-03 -3.504498645519167621e-03 4.875362505506334113e-03 -3.933294701700013572e-03 7.650509164354481195e-02 -1.989228985079415438e-02 -2.258364452063270356e-02 3.325793965279022490e-02 1.219375926029396540e-01 3.880711714510407667e-03 -1.117855527449878872e-01 1.750530131241105798e-03 -1.217882466132191172e-02 -7.117497926997704005e-02 -9.379988631356644036e-32 6.170354606736981606e-02 -1.734552890322101082e-03 2.854811522094048981e-01 -4.710722321969806198e-02 -6.338426980074127193e-02 -2.810913574353894259e-02 -8.075420668404434052e-03 -5.340843611820115036e-03 -4.162603872104687214e-02 4.264894883898977251e-02 -1.201552431924074113e-02 3.910939748624771110e-03 -7.351500163332577720e-02 1.163251883113983060e-01 -4.452264049051599809e-02 -1.625200947516430502e-02 -6.182376035654330027e-02 -5.018947694500444645e-02 1.395828705869883030e-02 2.277493420110323144e-02 -1.675061899400132406e-02 -5.873575308051920407e-02 5.286611026737546293e-04 5.093789589349188851e-02 -8.044456170169338866e-03 7.205567770594226845e-04 1.346302808140660036e-02 -1.554729964665412315e-02 2.684726746935247460e-02 -1.059466584215634777e-02 -2.770561779349885179e-02 -9.184311523467644789e-03 1.001483310768987688e-02 -1.090687541789719418e-02 -8.913671474096954150e-03 -3.707438803018456339e-32 -1.910057626350580504e-02 -4.137416829525935452e-03 7.910982017264326174e-33 -4.003779500527296538e-03 -1.104124933976432729e-02 1.263940029153828663e-31 -3.778188885565117797e-03 2.722267571846903600e-02 -5.888299717922433792e-03 -1.662967835345049300e-02 -3.481328895907773429e-03 -6.309005738737614825e-03 -1.120097504853739823e-02 -4.184416160958114028e-02 1.707515412243794384e-02 -7.467316699024486616e-03 -8.918074970846253877e-03 -2.078938947143998961e-02 1.329155336084450988e-02 -8.754208450870760300e-03 -7.541628422933693149e-03 -3.907328722905340466e-03 -5.013954982083328009e-03 -1.806738463568380304e-02 -7.771842220358825964e-03 -1.163814107285695947e-02 4.635067361542287434e-02 -1.352470225291493681e-02 3.409776156282007640e-31 -1.079997135771994937e-02
2.061620202270023419e-02 -3.194717294179626188e-02 -1.850095018872073560e-02 -6.890765109839255831e-03 -4.928464780954635617e-03 -1.821248414575368790e-02 -3.795711266736916806e-02 -5.956974424330009621e-02 -4.263974477806046701e-03 -2.976531945897479270e-01 -3.590733272666700449e-02 -5.777133394520300724e-02 9.777605277700612829e-01 -5.885506794310845814e-03 -5.329576904808149690e-02 -2.487141410776576994e-02 -3.086479394665075926e-02 -2.660551815257164790e-02 -1.634090795097414492e-02 -5.781014127383799807e-03 -5.731058969425631595e-03 -1.913460164902957075e-02 2.301005085131098762e-02 -2.347311698821769391e-02 5.671152910400333730e-03 8.534982842860533436e-02 -7.184815892776389053e-03 6.125710948460766359e-02 -2.962309333634727693e-03 8.174681823104492165e-03 -1.050373715414661645e-02 1.658950476063729765e-02 -4.646930592615903036e-03 -2.128783850015442125e-02 -5.726555209369560244e-03 1.998272766505439571e-02 -1.042724221809450055e-02 -1.085224977891671369e-02 4.484119059650677752e-02 -5.550085290351109050e-32 -5.172051716310712560e-02 2.830175743536509497e-02 -6.560001931519088628e-03 -3.140844675081728293e-02 -3.064403775720695583e-02 -2.441951679216572413e-02 -6.081897196439934802e-03 1.121603035643818358e-01 7.114661369271958746e-02 -6.793383324008060720e-02 2.881686278802585502e-02 -9.919851386561571310e-03 -5.346862982967261896e-02 -1.312968869683817617e-02 4.254977433723979019e-02 -2.248675190068368662e-02 -1.311017390263778323e-02 -1.726179957622425362e-03 -1.408524481305243117e-02 1.433873601782445148e-02 -2.317184752924264513e-03 4.019383232917281279e-02 -1.759863290375520209e-02 -3.191562693366813835e-02 -5.219338200624679645e-03 1.334571730382460436e-02 2.496254292770180849e-02 -1.170924488220835211e-02 -1.056399381347680397e-02 -7.979233668252075709e-03 -2.020400722913205660e-02 -6.559882623150522021e-03 2.207160359381797610e-02 -6.773426240273318528e-03 -5.783295358745662446e-03 -6.037482794704635780e-32 -1.438534857780214733e-02 -3.116041237882910802e-03 7.376737568317597452e-33 -3.015394035718362530e-03 -7.504774154837147090e-03 1.783212383889154835e-32 4.033563171049422968e-02 -3.596718054859191892e-03 -4.434695728775185815e-03 2.282525978386353016e-02 -2.621917212901242293e-03 -4.288252330310982768e-03 -8.435867497482717886e-03 -3.136899674962824458e-02 -1.358148274052630236e-02 6.613834891733585963e-02 -6.061645425491382633e-03 -1.436092958414461607e-02 -8.888299928805309252e-03 3.547164392153176471e-02 6.397836863348407149e-03 -2.942753397155473648e-03 -3.776194454849769472e-03 3.075199818341362024e-02 -5.042463049319345983e-03 5.832579749254777901e-02 4.908513224253403806e-04 -1.018595217417182786e-02 7.940131227233432025e-31 -1.708532875545538433e-03
3.726165132631317767e-02 -1.096359656890202525e-02 -8.015366770916789937e-03 -5.381938511330229633e-04 -3.492864884311627002e-03 -3.434722599230252086e-03 -4.354025882369585466e-03 -8.023045531980436615e-03 -8.280442534269288586e-04 -4.540890940004650711e-02 -3.106956393233265088e-03 -7.814657445810698280e-03 -5.885506794310845814e-03 1.428101505080250577e+00 -9.174767191295443367e-03 -6.200719650622164153e-03 -7.396414218156855888e-03 -4.627854548946378627e-03 -3.173329248336821500e-03 -3.733146338238633403e-03 -5.390584422402261086e-03 -5.662231107002411480e-03 7.794583061381235578e-02 -6.600093374134722787e-03 -9.847215873538012199e-03 -1.188955522487819289e-03 8.802657181745523335e-03 -3.447493752824514791e-03 -5.752668627255993518e-04 -1.005908913407903369e-03 -1.668564156257847444e-02 -1.272612228273251912e-02 -2.216844738296421030e-31 3.868596903882958599e-02 -3.575347979012898081e-03 -2.590102717865392160e-02 -6.733015730285322846e-03 -6.690449093550187784e-03 -1.233462958899479191e-02 3.222668749774563589e-31 -1.138609503331504576e-02 -6.887197291283203571e-03 7.870452724161014491e-02 -7.229901066180070487e-03 5.170592454782462627e-02 -1.219905973582307256e-02 -1.181076493224495838e-03 -7.630364713978638955e-03 -3.880655283567702955e-03 -1.034049289010534854e-02 -4.473328435565962144e-03 -7.244624551130340005e-03 -9.210301969735596242e-03 1.143341479212529009e-02 -1.985682318577437419e-02 -5.756742787322898305e-03 -1.580228212898548285e-02 -1.333683529736552457e-02 6.510271809940994248e-02 -3.155245822521469002e-03 -4.913865655383731559e-03 -1.150581161465483865e-02 -2.870657187017891174e-03 1.366232347688573455e-02 -4.949423196823007649e-04 -1.555514429785436002e-03 -7.120221482732139997e-04 -2.273881559832941456e-03 -1.115973673030803319e-03 -1.549530519034955775e-03 -3.514353910572122486e-03 -1.053182056578256566e-03 -1.163168396797028842e-03 -4.248995742981809091e-04 -5.484215642363763710e-04 6.601160374496790775e-33 -2.793568602578443052e-03 -6.051208922333215206e-04 -1.039709376565399860e-32 -5.855756679807558492e-04 -9.563390079776010622e-04 -1.007403321352685656e-31 -1.493795073660238518e-03 -3.410715897088268289e-04 -8.611975360130322060e-04 -1.023155749216333489e-03 -5.091642767574068064e-04 -5.464552156954452814e-04 -1.638206710738996860e-03 -6.001870661702516860e-03 -2.245330383860939371e-03 -1.092137807159280355e-03 -7.724400299494928613e-04 -1.987727970947172820e-03 -8.428646728177795980e-04 -1.280353091519378147e-03 -3.287522140478372611e-03 -5.714691897079710254e-04 -7.333196139977741362e-04 -1.299874947360100431e-03 -4.781695039887774376e-04 -1.008038850117469638e-03 1.030849402963933056e-02 -1.978065114461962249e-03 -9.655912402996005846e-31 -3.519064686596815126e-03
